# Created by Octave 4.2.1, Sun Jul 02 23:11:44 2017 GMT <unknown@unknown>
# name: all_theta
# type: matrix
# rows: 8
# columns: 33
 -0.0392592094691336 0.008718063984048015 0.005818232719743254 -0.8943981460823541 0.0008195485991945804 -0.03626851638454807 -0.02988620670404778 0.001228816474169198 0.01068115427711991 0.3525972889708968 0.07156185853007811 -0.02456406915665042 0.008897930074286244 0.1227880699341274 0.1955440407327193 -0.5781126326166607 0.3205512020297671 0.03932749276966058 0.0262057574944257 2.582172980366539 -0.01019023839326107 1.518369218206532 -0.01210955245638116 -0.01528310463728173 0.01785372296730689 -1.894654058962407 0.08264908993281794 -0.4928339384385793 1.167787425855502 -0.7170542285454837 -0.5316867014233856 1.034010762876188 -0.4820021498387811
 -1.107392172908154 -0.106390971468617 -0.07092129951635862 2.909167018647598 0.0003799856822871887 -0.2875408632659155 0.01078259378402215 0.000576753317471357 0.02133285854575984 -0.02081870492922245 -0.03729482820619838 2.753878207960756 -2.742932780769523 0.2941524854108482 1.722552867817122 -1.403052090272393 0.3816749158764071 -0.0820015002148903 -0.0546577784335924 4.187931543137358 0.006745806180704812 -0.8787469665268824 0.01044625447206894 0.01011943604989982 -0.004002427307187068 0.5844028005180737 -0.09145171085822559 2.670240489215043 -2.570882078817783 0.2963895565781317 1.549550198749875 -1.295535832023789 0.3369851550200687
 0.7360574027387694 0.03287596092594137 0.02199843337337861 -0.08916396066458668 -0.03193233344937147 -0.01665051371536813 -0.01084619104671823 -0.04792176638480717 -0.006619688614255857 -0.1538561912329733 0.1414423463582266 -0.829442109227162 -0.3996826554598503 0.8527533946950721 0.4333299697687337 -0.7935919706327254 0.2762942767020393 0.05462467082815139 0.03640425284651647 -3.554828700062806 -0.01116040701529481 0.05230831821803267 0.01264915409871381 -0.01674049259774563 -0.01401101973872738 0.1886474966601733 -0.01115030730403648 -1.952477378727857 1.772837674632465 -0.003064052265054344 -0.9532254700212968 0.4129027163493916 0.06476881442850181
 0.7862908418079664 0.05287722500898624 0.03524463418138868 0.5954032969382987 -0.01551367590111434 -0.02616990625238382 -0.0003918646078196813 -0.02327055416350949 -0.005301956403651643 0.05652943033396304 0.004186325197105724 -1.767459502624792 1.486820437629414 -0.034772835742627 -0.8055744518714693 0.5801331818561301 -0.1575563546591457 0.08959522825848638 0.05971059789254415 -2.40225783967168 -0.005319599161294782 0.01411089124842919 -0.06977987186409719 -0.007979876367267102 -0.01349424783914319 0.03917947696621824 0.1647811682640052 -2.114256980808392 2.102003047992548 -0.2932746191166229 -1.136122784298174 1.077035002507737 -0.3316269303193092
 -0.1377667272141275 -0.009491109346518553 -0.006332132108843833 -3.005962352249247 -0.002251144495649123 -0.03602549640822197 -0.01058683678240156 -0.003376473034480535 0.02709166187908283 0.05225173779332097 -0.02420299464049439 0.4265257666088763 -0.5042017999011588 0.1213700428099939 0.3415610804871336 -0.4278411648351617 0.1659747258157933 0.002928851386803318 0.001957123698653777 0.4512501014871793 0.002387932829041481 -1.162494439892979 0.01064466688839278 0.003580822110524328 -0.001042855286103468 0.3241081190293824 -0.03288292815846396 0.7785789794117901 -1.181439138681291 0.4223367716144317 0.6631410424403409 -0.8065277171542021 0.277615888392817
 -0.1574502316401429 -0.005604146736037988 -0.003753199172953886 -4.244027573077506 -0.005742530009532866 0.3075282947624671 -0.01056512799375032 -0.008611488267780017 -0.01678280210394343 -0.01033422181691175 0.003474907981647864 -0.01193309219164446 0.4701993890166629 -0.4029927780572899 -0.2620103959791549 0.4286738425185988 -0.1515844501520792 -0.01189724668640677 -0.007933600126826946 1.79396750885633 -0.002966972254597896 -0.1790471096300452 0.02917085268109191 -0.004450298000546971 -0.01520074484990444 0.2040299239097194 0.001697295836946639 0.2032785627103388 0.04049618444724988 -0.01816455061251287 -0.07296200994559905 -0.1156174606546745 0.150997243088244
 0.1706730525595476 -0.02227365025478341 -0.01483815337818576 0.876175821349835 -0.0222937020939674 -0.02399916339706724 0.03330844436404853 -0.03343761886023791 0.003272366695036037 0.1071380538389134 -0.1308312402181635 -0.7565858317867652 1.20520378322775 -0.7383463298538401 -0.6627443187064066 1.256793869563161 -0.6510706335211039 -0.03207718831335283 -0.02136709486056419 -5.745450479625955 -0.0136403829554086 0.8192302911261219 0.03346727144432529 -0.02046201664651895 -0.05216551949527903 -0.4013081724504174 0.01221579492425113 -0.4550394170482675 0.4690313489240103 -0.07935516652335374 -0.3044411075352983 0.3162739051829619 -0.1165979191413513
 -0.6792410142990778 0.02739763114240231 0.01821821469319963 -3.670563300015144 -0.03388794553323621 0.5123832014011445 -0.02458834560414749 -0.05081931621722988 -0.06956129909161755 -0.5573460592857806 0.1412695087482669 1.008151994803086 -0.5799609775342185 -0.1099415537776318 0.3058403190000185 -0.1929517584117128 0.04569944010726771 -0.02124119838426433 -0.01417995672067964 1.051614288536661 -0.0001918810287323528 -0.5781151362760812 -0.03137336287203956 -0.00028854034217634 0.1492529732679995 0.3245751818992282 0.01908877782244288 0.8313373425168579 -0.1323337040052171 -0.4968748032162807 0.09418333437227629 0.6899174746621927 -0.4829909205249576


